0 45 47 14 21 24 9 12 6 35
45 0 35 28 23 50 42 1 23 7
47 35 0 22 19 42 21 15 36 15
14 28 22 0 23 9 1 40 37 50
21 23 19 23 0 10 16 29 45 17
24 50 42 9 10 0 19 23 18 43
9 42 21 1 16 19 0 15 12 48
12 1 15 40 29 23 15 0 42 43
6 23 36 37 45 18 12 42 0 18
35 7 15 50 17 43 48 43 18 0